========================================================
====================  TTCLUST 4.2.1  ===================
========================================================

************ General information ************
software version   : 4.2.1
Created on         : 2017-07-07 10:38:02.624618
command line       : python ../ttclust.py -f example.xtc -t example.pdb -l backbone -ng 14 
DESTINATION FOLDER : /home/thibault/Cloud/Dropbox/THESIS/Scripts/src/TTClust/examples/backbone
ARGUMENTS : 
  Selection string :
      Atoms selected in trajectory = all 
      Atoms selected for alignement = backbone 
      Atoms selected for RMSD = backbone 
  trajectory file  : example.xtc 
   Number of frames  : 1001 
   Number of atoms  : 2284 
  topology file    : example.pdb 
  method used of clusterring : ward

  Number of cluster asked: 14
  cutoff for clustering : 2.77

**** Cluster Results
cluster 1
    size = 9
    representative frame=7
    spread  : 1.16736223484263 
    Frames : [1, 2, 3, 4, 5, 6, 7, 8, 9] 
cluster 2
    size = 9
    representative frame=13
    spread  : 1.0158277339773414 
    Frames : [10, 11, 12, 13, 14, 15, 16, 17, 18] 
cluster 3
    size = 48
    representative frame=43
    spread  : 1.1416898132948619 
    Frames : [19, 20, 21, 22, 23, 24, 25, 26, 27, 28, 29, 30, 31, 32, 33, 34, 35, 36, 37, 38, 39, 40, 41, 42, 43, 44, 45, 46, 47, 48, 49, 50, 51, 52, 54, 56, 57, 58, 77, 78, 79, 80, 81, 83, 84, 85, 86, 87] 
cluster 4
    size = 20
    representative frame=64
    spread  : 0.8522259406745432 
    Frames : [53, 55, 59, 60, 61, 62, 63, 64, 65, 66, 67, 68, 69, 70, 71, 72, 73, 74, 75, 76] 
cluster 5
    size = 85
    representative frame=168
    spread  : 1.002230113940668 
    Frames : [82, 88, 89, 90, 91, 92, 93, 94, 95, 96, 97, 98, 99, 100, 101, 102, 103, 104, 115, 132, 149, 151, 152, 153, 154, 155, 156, 157, 158, 159, 160, 161, 162, 163, 164, 165, 166, 167, 168, 169, 170, 171, 172, 173, 174, 175, 176, 177, 178, 179, 180, 181, 182, 183, 184, 185, 186, 187, 188, 189, 193, 198, 199, 200, 201, 202, 203, 347, 401, 402, 410, 411, 412, 413, 414, 429, 430, 431, 432, 433, 434, 435, 489, 493, 495] 
cluster 6
    size = 97
    representative frame=112
    spread  : 1.020232242098434 
    Frames : [105, 106, 107, 108, 109, 110, 111, 112, 113, 114, 116, 117, 118, 119, 120, 121, 122, 123, 124, 125, 126, 127, 128, 129, 130, 131, 133, 134, 135, 136, 137, 138, 139, 140, 141, 142, 143, 144, 145, 146, 147, 148, 150, 190, 191, 192, 194, 195, 196, 197, 845, 871, 872, 873, 874, 902, 903, 907, 909, 910, 913, 914, 917, 919, 927, 943, 963, 964, 972, 973, 974, 975, 976, 977, 979, 980, 981, 982, 983, 984, 985, 986, 987, 988, 989, 990, 991, 992, 993, 994, 995, 996, 997, 998, 999, 1000, 1001] 
cluster 7
    size = 117
    representative frame=282
    spread  : 0.9569827668584897 
    Frames : [204, 205, 206, 207, 208, 210, 211, 212, 213, 214, 215, 216, 217, 218, 219, 221, 222, 223, 224, 225, 226, 227, 228, 229, 230, 231, 232, 233, 234, 235, 236, 239, 240, 241, 243, 244, 248, 249, 250, 251, 252, 253, 255, 256, 257, 258, 259, 260, 261, 264, 269, 270, 271, 273, 274, 275, 276, 277, 278, 279, 280, 281, 282, 283, 284, 285, 286, 287, 288, 289, 290, 291, 292, 293, 294, 295, 296, 297, 298, 299, 300, 301, 302, 303, 305, 306, 307, 308, 309, 310, 311, 312, 313, 314, 315, 316, 317, 318, 319, 320, 321, 322, 323, 325, 328, 329, 331, 332, 333, 337, 338, 339, 340, 341, 342, 343, 351] 
cluster 8
    size = 126
    representative frame=428
    spread  : 0.9531587547146052 
    Frames : [209, 304, 324, 326, 327, 330, 334, 335, 336, 344, 345, 346, 348, 349, 350, 352, 356, 357, 358, 359, 360, 361, 362, 363, 364, 365, 366, 367, 368, 369, 370, 371, 372, 373, 374, 375, 376, 377, 378, 379, 380, 381, 382, 383, 384, 385, 386, 387, 388, 389, 390, 391, 392, 393, 394, 395, 396, 397, 398, 399, 400, 403, 404, 405, 406, 407, 408, 409, 415, 416, 417, 418, 419, 420, 421, 422, 423, 424, 425, 426, 428, 436, 437, 438, 439, 440, 441, 443, 444, 445, 446, 447, 448, 449, 450, 451, 452, 456, 457, 463, 465, 466, 467, 468, 469, 470, 471, 472, 473, 474, 475, 476, 477, 478, 479, 480, 483, 486, 487, 488, 490, 491, 492, 496, 497, 501] 
cluster 9
    size = 83
    representative frame=482
    spread  : 0.9879750286326692 
    Frames : [220, 272, 353, 354, 355, 427, 442, 453, 454, 455, 458, 459, 460, 461, 462, 464, 481, 482, 484, 485, 494, 498, 499, 500, 502, 503, 504, 505, 506, 507, 508, 509, 510, 511, 512, 513, 514, 515, 516, 517, 518, 519, 520, 521, 522, 523, 524, 525, 527, 528, 529, 530, 531, 537, 547, 548, 549, 550, 734, 735, 736, 737, 738, 739, 740, 741, 743, 749, 750, 751, 752, 753, 754, 755, 757, 764, 765, 768, 777, 778, 779, 780, 781] 
cluster 10
    size = 74
    representative frame=589
    spread  : 0.9774745003727774 
    Frames : [237, 238, 242, 245, 246, 247, 254, 262, 263, 265, 266, 267, 268, 538, 541, 542, 543, 545, 546, 554, 559, 560, 561, 562, 564, 566, 567, 569, 570, 571, 573, 577, 578, 580, 583, 584, 585, 586, 587, 588, 589, 590, 591, 592, 594, 595, 597, 598, 599, 600, 601, 602, 603, 604, 605, 606, 607, 608, 609, 611, 612, 613, 614, 615, 616, 617, 618, 619, 620, 621, 622, 623, 624, 625] 
cluster 11
    size = 44
    representative frame=744
    spread  : 1.023550143519278 
    Frames : [526, 532, 533, 534, 535, 536, 539, 540, 544, 551, 552, 553, 555, 556, 557, 558, 563, 568, 713, 719, 720, 721, 722, 723, 724, 725, 726, 727, 729, 730, 731, 732, 733, 742, 744, 747, 769, 770, 771, 772, 773, 774, 775, 776] 
cluster 12
    size = 107
    representative frame=641
    spread  : 0.958135422419716 
    Frames : [565, 572, 574, 575, 576, 579, 581, 582, 593, 596, 610, 626, 627, 628, 629, 630, 631, 632, 633, 634, 635, 636, 637, 638, 639, 640, 641, 642, 643, 644, 645, 646, 647, 648, 649, 650, 651, 652, 653, 654, 655, 656, 657, 658, 659, 660, 661, 662, 663, 664, 665, 666, 667, 668, 669, 670, 671, 672, 673, 674, 675, 676, 677, 678, 679, 680, 681, 682, 683, 684, 685, 686, 687, 688, 689, 690, 691, 692, 693, 694, 695, 696, 697, 698, 699, 700, 701, 702, 703, 704, 705, 706, 707, 708, 709, 710, 711, 712, 714, 715, 716, 717, 718, 728, 745, 746, 748] 
cluster 13
    size = 98
    representative frame=800
    spread  : 0.9209186631933274 
    Frames : [756, 758, 759, 760, 761, 762, 763, 766, 767, 782, 783, 784, 785, 786, 787, 788, 789, 790, 791, 792, 793, 794, 795, 796, 797, 798, 799, 800, 801, 802, 803, 804, 805, 806, 807, 808, 809, 810, 811, 812, 813, 814, 815, 816, 817, 818, 819, 820, 821, 822, 823, 824, 825, 826, 827, 828, 829, 830, 831, 832, 833, 834, 835, 836, 837, 838, 839, 840, 841, 842, 843, 844, 846, 847, 848, 849, 850, 851, 853, 855, 856, 857, 858, 859, 860, 861, 862, 863, 864, 865, 866, 867, 868, 869, 870, 875, 876, 877] 
cluster 14
    size = 84
    representative frame=932
    spread  : 0.8811753548580366 
    Frames : [852, 854, 878, 879, 880, 881, 882, 883, 884, 885, 886, 887, 888, 889, 890, 891, 892, 893, 894, 895, 896, 897, 898, 899, 900, 901, 904, 905, 906, 908, 911, 912, 915, 916, 918, 920, 921, 922, 923, 924, 925, 926, 928, 929, 930, 931, 932, 933, 934, 935, 936, 937, 938, 939, 940, 941, 942, 944, 945, 946, 947, 948, 949, 950, 951, 952, 953, 954, 955, 956, 957, 958, 959, 960, 961, 962, 965, 966, 967, 968, 969, 970, 971, 978] 
----------------------------
RMSD MATRIX BETWEEN CLUSTERS
+----------+------+------+------+------+------+------+------+------+------+------+------+------+------+------+
| Clusters |  C1  |  C2  |  C3  |  C4  |  C5  |  C6  |  C7  |  C8  |  C9  | C10  | C11  | C12  | C13  | C14  |
+----------+------+------+------+------+------+------+------+------+------+------+------+------+------+------+
|    C1    | 0.00 | 1.40 | 2.53 | 2.91 | 2.76 | 2.67 | 2.51 | 2.56 | 2.44 | 2.18 | 2.16 | 2.04 | 2.44 | 2.66 |
|    C2    | 1.40 | 0.00 | 2.13 | 2.44 | 2.33 | 2.33 | 2.19 | 2.35 | 2.11 | 2.06 | 1.95 | 1.95 | 2.05 | 2.28 |
|    C3    | 2.53 | 2.13 | 0.00 | 1.26 | 1.23 | 1.23 | 1.45 | 1.42 | 1.36 | 1.56 | 1.39 | 1.52 | 1.31 | 1.40 |
|    C4    | 2.91 | 2.44 | 1.26 | 0.00 | 1.20 | 1.17 | 1.78 | 1.62 | 1.54 | 2.01 | 1.80 | 1.87 | 1.57 | 1.32 |
|    C5    | 2.76 | 2.33 | 1.23 | 1.20 | 0.00 | 0.97 | 1.21 | 1.12 | 1.08 | 1.53 | 1.34 | 1.39 | 1.13 | 1.21 |
|    C6    | 2.67 | 2.33 | 1.23 | 1.17 | 0.97 | 0.00 | 1.38 | 1.07 | 1.15 | 1.54 | 1.43 | 1.39 | 1.26 | 1.16 |
|    C7    | 2.51 | 2.19 | 1.45 | 1.78 | 1.21 | 1.38 | 0.00 | 1.06 | 1.05 | 1.05 | 1.09 | 1.14 | 1.03 | 1.40 |
|    C8    | 2.56 | 2.35 | 1.42 | 1.62 | 1.12 | 1.07 | 1.06 | 0.00 | 0.95 | 1.24 | 1.23 | 1.22 | 1.16 | 1.25 |
|    C9    | 2.44 | 2.11 | 1.36 | 1.54 | 1.08 | 1.15 | 1.05 | 0.95 | 0.00 | 1.21 | 1.11 | 1.22 | 1.03 | 1.12 |
|   C10    | 2.18 | 2.06 | 1.56 | 2.01 | 1.53 | 1.54 | 1.05 | 1.24 | 1.21 | 0.00 | 1.03 | 1.01 | 1.21 | 1.45 |
|   C11    | 2.16 | 1.95 | 1.39 | 1.80 | 1.34 | 1.43 | 1.09 | 1.23 | 1.11 | 1.03 | 0.00 | 0.93 | 0.98 | 1.36 |
|   C12    | 2.04 | 1.95 | 1.52 | 1.87 | 1.39 | 1.39 | 1.14 | 1.22 | 1.22 | 1.01 | 0.93 | 0.00 | 1.13 | 1.41 |
|   C13    | 2.44 | 2.05 | 1.31 | 1.57 | 1.13 | 1.26 | 1.03 | 1.16 | 1.03 | 1.21 | 0.98 | 1.13 | 0.00 | 1.17 |
|   C14    | 2.66 | 2.28 | 1.40 | 1.32 | 1.21 | 1.16 | 1.40 | 1.25 | 1.12 | 1.45 | 1.36 | 1.41 | 1.17 | 0.00 |
+----------+------+------+------+------+------+------+------+------+------+------+------+------+------+------+

AVERAGE RSMD BETWEEN CLUSTERS : 1.56
